対象 14462 レース / 重み {'speed': 0.5, 'workout': 0.0, 'pedigree': 0.2, 'going': 0.0, 'style': 0.1}

=== 学習 (2022-07-01〜2025-01-01) ===
  [単勝回収%] (件数)
                    〜3倍         3〜5倍        5〜10倍       10〜20倍       20〜50倍         50倍〜
  指数1位        83( 2324)    81( 2116)    81( 2049)    92( 1106)    94(  678)    58(  364)
  2位          81( 1267)    83( 1828)    83( 2377)    82( 1538)    60( 1066)    51(  561)
  3位          85(  864)    81( 1542)    74( 2310)    88( 1720)    60( 1375)    72(  826)
  4-5位        75( 1005)    82( 2215)    73( 4072)    86( 3659)    89( 3675)    46( 2648)
  [複勝回収%] (件数)
                    〜3倍         3〜5倍        5〜10倍       10〜20倍       20〜50倍         50倍〜
  指数1位        89( 2324)    85( 2116)    81( 2049)    89( 1106)    73(  678)    44(  364)
  2位          88( 1267)    85( 1828)    79( 2377)    83( 1538)    73( 1066)    56(  561)
  3位          88(  864)    84( 1542)    78( 2310)    88( 1720)    78( 1375)    75(  826)
  4-5位        85( 1005)    83( 2215)    77( 4072)    84( 3659)    76( 3675)    63( 2648)

=== 検証 (2025-01-01〜) ===
  [単勝回収%] (件数)
                    〜3倍         3〜5倍        5〜10倍       10〜20倍       20〜50倍         50倍〜
  指数1位        82( 1633)    79( 1413)    92( 1375)    72(  736)    62(  458)    98(  210)
  2位          77(  888)    83( 1256)    76( 1594)    87( 1042)    61(  691)    63(  354)
  3位          85(  614)    76( 1022)    76( 1546)    73( 1145)    96(  983)    74(  515)
  4-5位        81(  653)    81( 1445)    74( 2662)    90( 2614)    82( 2514)    51( 1762)
  [複勝回収%] (件数)
                    〜3倍         3〜5倍        5〜10倍       10〜20倍       20〜50倍         50倍〜
  指数1位        90( 1633)    84( 1413)    87( 1375)    87(  736)    94(  458)    80(  210)
  2位          89(  888)    85( 1256)    77( 1594)    90( 1042)    76(  691)    94(  354)
  3位          86(  614)    84( 1022)    78( 1546)    80( 1145)    84(  983)    71(  515)
  4-5位        90(  653)    81( 1445)    79( 2662)    81( 2614)    80( 2514)    63( 1762)

=== 学習でプラスのセル → 検証での成績 ===
